0
0
0
0
0
0
0
0
0
0
0
0
0
0
0
1
0
1
16
681
835
819
894
956
985
937
980
996
961
1045
1086
1084
1103
1132
1157
1188
1242
1302
1232
1258
1225
1153
1153
1085
1110
1100
1021
1040
1038
1006
978
968
961
994
906
998
932
954
935
945
921
953
974
959
973
958
1014
927
973
952
944
985
1008
1030
1012
1011
924
907
835
805
759
681
635
518
460
438
429
400
421
378
383
348
349
362
341
333
376
358
380
401
413
470
582
743
1032
1468
2154
2996
4087
5120
6221
6689
6782
6393
5481
4351
3144
2075
1191
682
358
194
74
40
15
9
6
10
4
7
9
8
5
9
6
10
8
5
10
5
8
5
5
8
5
4
11
2
15
7
9
5
6
6
5
3
3
6
3
8
8
7
8
7
7
4
7
8
2
8
5
5
3
4
3
5
4
7
2
3
6
5
1
6
9
4
8
4
4
4
2
3
3
2
6
4
5
1
3
8
4
3
5
1
2
1
4
2
3
1
1
3
1
2
3
3
4
3
1
0
7
2
1
4
0
3
3
1
11
4
9
2
1
5
3
2
7
6
3
4
6
6
4
1
2
2
2
1
1
4
3
2
0
0
0
1
1
4
0
1
0
0
1
2
0
0
1
0
2
1
1
2
1
0
0
1
1
0
1
1
1
0
0
0
2
2
0
1
1
0
0
0
1
1
0
3
0
0
0
0
1
1
1
0
0
0
1
1
0
0
0
1
0
0
0
1
0
1
1
0
0
1
0
0
1
1
1
1
1
1
1
1
2
1
1
0
1
0
1
0
0
0
0
2
0
0
0
0
1
1
0
1
1
0
0
0
1
0
0
0
1
0
0
0
0
0
0
0
1
0
1
0
0
0
2
0
0
0
0
0
0
0
0
0
1
1
0
0
0
0
0
0
1
0
0
0
1
0
0
1
1
0
0
2
0
0
0
1
1
1
0
0
0
2
0
0
0
2
1
1
1
0
0
0
0
0
0
1
0
0
0
1
0
0
0
0
0
0
0
0
0
0
0
0
0
0
0
0
0
0
0
0
0
0
0
0
0
0
0
0
0
0
0
0
0
0
0
0
0
0
0
0
0
0
0
0
0
0
0
0
0
0
0
0
1
0
0
0
0
0
0
0
0
0
0
0
0
0
0
0
0
0
0
0
0
0
0
0
0
0
0
0
