#T/°C     I/pA
#-67       0.24
#-65       0.25
#-63.3     0.10
#-61.3     0.13
#-60       0.10
#-58.4     0.11
#-58.9     0.25
#-62       0.26
-63.5     0.20
-61.4     0.15
-58.3     0.10
-56       0.00
-54       0.05
-52.8     0.10
-51.8     0.08
-50.8     1.00
-49.2     2.2
-47.1     3.3
-45.1     1.9
-43.4     1.2
-41.7     1.2
-39.8     1.7
-37.8     1.4
-35.6     1.7
-34.1     2.1
-32.5     2.5
-31.4     2.8
-29.7     3.4
-28.2     4.1
-26.5     5.1
-24.6     6.3
-22.6     8.1
-20.5     10
-18.8     11.5
-17.3     12.5
-15.6     13.5
-13.5     15
-11.5     15
-9.5      14
-7.8      12
-6.1      10.5
-4.2      8.5
-2.2      6.8
-0.4      6
1.1       5.3
2.5       5.1
4         5.1
5.8       5.4
7.6       5.7
9.5       6.2
11.3      6.6
13.2      7.1
15.1      7.5
16.8      7.9
18.5      8.2
20.2      8.6
21.8      9
23.3      9
24.7      9.5
26.3      9.6
27.9      9.6
29.6      9.9
31.4      10
33.3      10.3
35.1      10.5
36.9      10.5
38.7      10.6
40.3      10.7
42        11
43.7      11.1
45.2      11.2
46.7      11.2
48.1      11.3
49.7      11
51.1      10.7
52.7      10.3
54        9.9
55.4      9.2
56.7      8.9
57.9      7.6
