$SPEC_ID:
No sample description was entered.
$SPEC_REM:
DET# 1
DETDESC# PRAK01 Easy-MCA-2k SN 15071856
AP# Maestro Version 7.01
$DATE_MEA:
08/06/2002 02:54:29
$MEAS_TIM:
180 180
$DATA:
0 511
       0
       0
       0
       0
       0
       0
       0
       0
       0
       0
       0
       0
       0
       0
       0
       0
       1
       0
       3
     252
     247
     275
     320
     328
     326
     322
     365
     319
     378
     343
     363
     386
     389
     379
     404
     444
     409
     451
     409
     415
     382
     411
     374
     352
     366
     372
     393
     331
     349
     357
     321
     360
     306
     353
     370
     317
     341
     341
     313
     311
     315
     279
     298
     324
     336
     303
     357
     318
     340
     333
     333
     336
     350
     321
     301
     342
     324
     315
     303
     269
     310
     259
     233
     191
     167
     194
     126
     126
     158
     130
     131
     125
     131
     114
     134
     139
     108
     141
     117
     128
     119
     149
     153
     153
     211
     280
     393
     628
     871
    1137
    1555
    1851
    2142
    2439
    2241
    2084
    1695
    1315
     933
     615
     350
     198
     101
      50
      21
      16
       7
       5
       8
       3
       4
       4
       8
       5
       7
       5
       5
       5
       4
       3
       7
       3
       7
       4
       2
       5
       7
       3
       2
       8
       8
       1
       0
       5
       1
       3
       4
       2
       2
       3
       4
      12
       4
       4
       2
       2
       5
       5
       2
       1
       4
       2
       3
       3
       1
       1
       4
       7
       0
       2
       2
       2
       1
       3
       5
       3
       1
       2
       2
       5
       1
       2
       0
       5
       2
       2
       2
       6
       1
       6
       2
       2
       6
       2
       5
       4
       4
       3
       0
       1
       0
       3
       2
       1
       3
       0
       0
       0
       0
       3
       2
       0
       2
       1
       1
       1
       2
       2
       2
       3
       2
       3
       2
       6
       5
       4
       3
       3
       2
       2
       5
       3
       1
       2
       1
       1
       0
       0
       0
       0
       0
       1
       1
       0
       1
       1
       0
       0
       1
       0
       1
       0
       0
       2
       0
       1
       0
       1
       0
       0
       1
       2
       0
       1
       1
       0
       0
       2
       0
       0
       1
       0
       0
       0
       2
       2
       1
       1
       0
       1
       1
       1
       0
       0
       1
       1
       0
       0
       0
       0
       1
       0
       0
       1
       1
       0
       0
       0
       0
       0
       1
       1
       0
       0
       0
       1
       1
       0
       0
       0
       1
       0
       0
       1
       0
       0
       0
       0
       1
       1
       0
       0
       0
       0
       1
       0
       0
       0
       1
       0
       0
       0
       1
       1
       0
       0
       0
       1
       0
       1
       0
       0
       0
       0
       1
       0
       0
       0
       0
       0
       0
       0
       0
       0
       0
       0
       0
       0
       0
       0
       0
       0
       1
       1
       0
       0
       0
       0
       0
       0
       0
       0
       0
       0
       1
       1
       0
       0
       0
       0
       0
       0
       1
       1
       0
       0
       1
       0
       0
       0
       0
       0
       0
       1
       0
       1
       0
       0
       1
       0
       0
       1
       1
       1
       0
       0
       0
       0
       0
       0
       0
       0
       0
       0
       0
       0
       0
       0
       0
       0
       0
       0
       0
       1
       0
       0
       0
       0
       0
       0
       0
       0
       0
       1
       0
       0
       0
       0
       0
       0
       0
       0
       0
       0
       0
       0
       0
       0
       0
       0
       0
       0
       0
       1
       0
       0
       0
       0
       0
       0
       0
       0
       0
       0
       0
       0
       0
       0
       0
       0
       0
       0
       0
       0
       0
       1
       0
       0
       0
       0
       0
       0
       0
       0
       0
       0
       0
       0
       0
       0
       0
       0
       0
       0
       0
       0
       0
       0
       0
       0
       0
       0
$ROI:
1
101 125
$PRESETS:
Live Time
180
0
$ENER_FIT:
0.000000 0.000000
$MCA_CAL:
3
0.000000E+000 0.000000E+000 0.000000E+000 
$SHAPE_CAL:
3
0.000000E+000 0.000000E+000 0.000000E+000
