$SPEC_ID:
No sample description was entered.
$SPEC_REM:
DET# 1
DETDESC# PRAK01 Easy-MCA-2k SN 15071856
AP# Maestro Version 7.01
$DATE_MEA:
08/06/2002 02:47:02
$MEAS_TIM:
180 180
$DATA:
0 511
       0
       0
       0
       0
       0
       0
       0
       0
       0
       0
       0
       0
       0
       0
       1
       0
       0
       0
       8
     237
     285
     261
     301
     340
     317
     357
     337
     342
     313
     359
     355
     377
     380
     388
     419
     397
     400
     438
     432
     423
     439
     409
     399
     398
     402
     422
     350
     384
     341
     353
     313
     352
     376
     374
     335
     343
     338
     301
     297
     360
     322
     326
     328
     342
     328
     330
     334
     320
     348
     328
     340
     339
     315
     319
     342
     328
     330
     351
     342
     313
     310
     271
     226
     236
     209
     176
     145
     145
     138
     141
     129
     128
     120
     149
     109
     120
     137
     127
     114
     148
     133
     128
     136
     161
     185
     272
     391
     530
     740
    1086
    1484
    1791
    2080
    2346
    2339
    2238
    1913
    1523
    1140
     729
     468
     242
     144
      73
      34
      12
      11
       5
       3
       3
       3
       7
       2
       2
       6
       8
       4
       2
       4
       3
       3
       6
       5
       4
       2
       4
       7
       5
       1
       4
       3
       3
       4
       2
       3
       3
       7
       2
       5
       1
       3
       4
       4
       1
       4
       5
       2
       4
       2
       2
       3
       5
       2
       2
       4
       3
       1
       2
       1
       1
       3
       1
       1
       3
       2
       3
       1
       3
       1
       2
       1
       1
       2
       2
       1
       4
       1
       2
       3
       1
       1
       1
       3
       1
       1
       2
       4
       3
       0
       4
       2
       6
       0
       2
       2
       2
       2
       1
       1
       0
       1
       1
       0
       1
       0
       1
       0
       2
       1
       1
       1
       8
       3
       2
       6
       2
       3
       2
       3
       2
       3
       5
       6
       1
       2
       2
       0
       1
       0
       2
       0
       2
       2
       0
       1
       2
       1
       0
       1
       1
       0
       0
       1
       1
       0
       1
       0
       0
       0
       1
       0
       1
       0
       0
       1
       0
       1
       0
       0
       0
       0
       0
       0
       1
       0
       1
       1
       0
       1
       1
       1
       2
       0
       0
       0
       0
       3
       1
       0
       0
       0
       0
       2
       2
       0
       1
       0
       0
       0
       0
       1
       0
       0
       0
       0
       1
       0
       1
       0
       0
       0
       1
       0
       0
       0
       0
       0
       0
       0
       0
       0
       0
       0
       3
       0
       1
       0
       1
       0
       1
       0
       0
       1
       1
       0
       0
       0
       0
       0
       0
       0
       0
       0
       2
       0
       0
       1
       2
       1
       0
       0
       0
       0
       0
       0
       0
       0
       0
       0
       1
       1
       1
       0
       0
       0
       0
       0
       0
       0
       1
       0
       0
       0
       0
       0
       0
       0
       0
       0
       0
       0
       1
       0
       0
       1
       0
       0
       0
       1
       0
       0
       0
       1
       0
       1
       0
       0
       0
       0
       0
       0
       0
       0
       0
       0
       2
       0
       0
       0
       2
       0
       0
       2
       0
       0
       0
       0
       0
       0
       1
       0
       0
       0
       0
       0
       0
       0
       1
       0
       1
       0
       0
       0
       0
       0
       0
       0
       0
       0
       0
       0
       0
       0
       0
       0
       0
       0
       0
       0
       0
       0
       0
       0
       0
       0
       0
       0
       0
       0
       0
       0
       0
       0
       0
       0
       0
       0
       0
       0
       0
       0
       0
       0
       0
       0
       0
       0
       0
       0
       0
       0
       0
       0
       0
       0
       0
       0
       0
       0
       0
       0
       0
       0
       0
       0
       0
       0
       0
       0
       0
       0
       0
$ROI:
1
101 125
$PRESETS:
Live Time
180
0
$ENER_FIT:
0.000000 0.000000
$MCA_CAL:
3
0.000000E+000 0.000000E+000 0.000000E+000 
$SHAPE_CAL:
3
0.000000E+000 0.000000E+000 0.000000E+000
