$SPEC_ID:
No sample description was entered.
$SPEC_REM:
DET# 1
DETDESC# PRAK01 Easy-MCA-2k SN 15071856
AP# Maestro Version 7.01
$DATE_MEA:
08/06/2002 02:42:50
$MEAS_TIM:
180 180
$DATA:
0 511
       0
       0
       0
       0
       0
       0
       0
       0
       0
       1
       0
       0
       0
       0
       0
       0
       0
       0
       8
     240
     306
     339
     315
     359
     380
     386
     385
     390
     395
     385
     416
     435
     476
     393
     451
     426
     474
     533
     462
     526
     467
     436
     441
     461
     446
     431
     424
     411
     403
     412
     357
     378
     411
     361
     354
     341
     357
     328
     370
     363
     359
     379
     380
     368
     347
     371
     332
     364
     353
     392
     390
     392
     359
     380
     380
     380
     367
     353
     338
     330
     294
     288
     279
     251
     212
     194
     181
     172
     149
     141
     147
     133
     147
     151
     133
     128
     139
     133
     153
     168
     138
     158
     136
     196
     204
     263
     370
     559
     842
    1174
    1453
    1964
    2381
    2568
    2647
    2525
    2121
    1695
    1239
     872
     541
     307
     152
      75
      29
      13
      10
       6
       3
       2
       4
       7
       5
       4
       3
       3
       3
       6
       0
       3
       1
       2
       6
       5
       4
       2
       7
       5
       5
       3
       4
       5
       4
       4
       7
       4
       1
       3
       4
       4
       5
       4
       0
       2
       4
       7
       5
       1
       1
       5
       3
       5
       1
       6
       4
       5
       3
       3
       0
       1
       1
       6
       5
       2
       4
       2
       3
       3
       2
       3
       5
       2
       0
       2
       0
       3
       2
       2
       1
       5
       2
       3
       5
       2
       1
       1
       2
       0
       5
       0
       0
       1
       1
       2
       2
       3
       0
       3
       0
       2
       0
       2
       3
       3
       2
       0
       2
       1
       1
       1
       2
       3
       2
       0
       4
       3
       4
       1
       5
       2
       5
       2
       4
       2
       1
       0
       1
       2
       1
       0
       1
       1
       0
       0
       1
       0
       0
       1
       0
       0
       0
       0
       1
       0
       0
       1
       1
       1
       0
       0
       0
       0
       0
       1
       0
       1
       1
       0
       1
       1
       1
       1
       1
       0
       1
       0
       0
       1
       1
       0
       2
       0
       0
       0
       0
       1
       0
       1
       0
       0
       0
       1
       0
       0
       0
       1
       0
       0
       0
       0
       1
       0
       0
       0
       0
       1
       0
       0
       3
       1
       0
       3
       1
       0
       0
       1
       0
       0
       0
       1
       1
       0
       1
       0
       0
       1
       0
       0
       0
       0
       0
       1
       0
       0
       1
       0
       0
       0
       1
       0
       0
       0
       0
       1
       0
       0
       0
       0
       0
       0
       0
       0
       0
       2
       0
       0
       0
       0
       0
       0
       0
       0
       0
       1
       0
       0
       0
       0
       0
       0
       0
       0
       0
       1
       0
       0
       0
       0
       0
       0
       0
       0
       0
       1
       0
       0
       0
       0
       0
       0
       0
       0
       0
       1
       0
       0
       0
       0
       1
       0
       0
       0
       0
       0
       0
       0
       0
       1
       0
       0
       0
       0
       1
       0
       0
       1
       0
       1
       0
       0
       0
       0
       0
       0
       0
       0
       0
       0
       0
       0
       0
       0
       0
       1
       0
       0
       0
       0
       0
       0
       0
       0
       0
       0
       0
       0
       0
       0
       0
       0
       0
       0
       0
       0
       0
       0
       0
       0
       0
       0
       0
       0
       0
       0
       0
       0
       0
       0
       0
       0
       0
       0
       0
       0
       0
       0
       0
       0
       0
       0
       0
       0
       0
       0
       0
       0
       0
       0
       0
       0
       0
       0
       0
       0
       0
       0
       0
       0
       0
       0
       0
       0
$ROI:
1
101 125
$PRESETS:
Live Time
180
0
$ENER_FIT:
0.000000 0.000000
$MCA_CAL:
3
0.000000E+000 0.000000E+000 0.000000E+000 
$SHAPE_CAL:
3
0.000000E+000 0.000000E+000 0.000000E+000
