$SPEC_ID:
No sample description was entered.
$SPEC_REM:
DET# 1
DETDESC# PRAK01 Easy-MCA-2k SN 15071856
AP# Maestro Version 7.01
$DATE_MEA:
08/06/2002 02:18:23
$MEAS_TIM:
180 180
$DATA:
0 511
       0
       0
       0
       0
       0
       0
       0
       0
       0
       0
       0
       0
       0
       0
       0
       0
       0
       0
       1
     190
     234
     249
     236
     283
     263
     283
     299
     286
     315
     325
     293
     301
     316
     328
     297
     303
     344
     340
     337
     312
     334
     282
     319
     313
     259
     280
     277
     276
     273
     283
     238
     253
     246
     243
     256
     306
     258
     243
     246
     244
     237
     261
     261
     245
     266
     250
     234
     240
     267
     259
     220
     224
     262
     239
     267
     254
     267
     212
     216
     186
     192
     160
     128
     125
     117
     108
     112
     109
      81
     100
      84
      90
      95
      91
     114
     100
     108
     122
     117
     128
     145
     185
     261
     335
     490
     685
     864
    1142
    1412
    1501
    1644
    1542
    1436
    1208
     968
     691
     496
     297
     160
      91
      49
      21
      15
      11
       2
       4
       5
       4
       3
       2
       4
       6
       3
       2
       4
       5
       5
       5
       1
       3
       2
       4
       6
       4
       7
       6
       5
       4
       4
       4
       5
       7
       3
       3
       3
       3
       2
       6
       4
       6
       2
       2
       2
       9
       5
       3
       4
       1
       1
       3
       2
       2
       2
       5
       4
       4
       1
       4
       3
       4
       0
       3
       0
       2
       2
       3
       0
       2
       3
       1
       1
       1
       0
       3
       2
       1
       1
       5
       3
       3
       2
       2
       1
       0
       0
       1
       1
       4
       2
       0
       1
       0
       3
       0
       1
       2
       2
       3
       2
       3
       0
       4
       1
       1
       2
       2
       4
       3
       2
       4
       0
       4
       0
       6
       5
       2
       2
       0
       3
       1
       1
       0
       1
       1
       0
       0
       3
       0
       2
       0
       0
       3
       0
       0
       0
       1
       1
       1
       1
       0
       1
       2
       1
       0
       2
       0
       0
       2
       1
       1
       1
       2
       0
       1
       0
       0
       0
       0
       0
       0
       1
       2
       0
       0
       0
       1
       0
       0
       0
       0
       0
       1
       0
       0
       0
       0
       0
       1
       0
       0
       0
       0
       0
       0
       1
       0
       0
       0
       0
       0
       0
       2
       0
       2
       0
       1
       0
       2
       1
       0
       0
       0
       1
       0
       1
       0
       1
       1
       0
       0
       0
       0
       0
       0
       0
       1
       0
       0
       0
       1
       2
       0
       0
       0
       0
       1
       1
       0
       0
       0
       0
       0
       1
       0
       1
       0
       1
       0
       0
       1
       0
       1
       0
       0
       0
       0
       0
       0
       0
       0
       0
       0
       0
       0
       0
       0
       0
       0
       0
       0
       0
       0
       0
       1
       0
       0
       0
       0
       0
       1
       0
       0
       0
       0
       0
       0
       0
       1
       0
       1
       0
       1
       1
       2
       1
       1
       0
       1
       0
       0
       0
       0
       0
       1
       1
       0
       0
       2
       0
       0
       0
       0
       0
       0
       0
       0
       0
       0
       0
       0
       0
       0
       0
       0
       0
       0
       0
       0
       0
       0
       0
       0
       1
       0
       0
       0
       0
       0
       0
       0
       0
       0
       0
       0
       0
       0
       0
       1
       0
       0
       0
       0
       0
       0
       0
       0
       0
       0
       0
       0
       0
       0
       0
       0
       0
       0
       0
       1
       0
       0
       0
       0
       0
       0
       0
       0
       0
       0
       0
       0
       0
       0
       0
       0
       0
       0
       0
       0
       0
       0
       0
       0
       0
       0
       0
       0
       0
       0
       0
       0
       0
       0
$ROI:
1
101 125
$PRESETS:
Live Time
180
0
$ENER_FIT:
0.000000 0.000000
$MCA_CAL:
3
0.000000E+000 0.000000E+000 0.000000E+000 
$SHAPE_CAL:
3
0.000000E+000 0.000000E+000 0.000000E+000
