$SPEC_ID:
No sample description was entered.
$SPEC_REM:
DET# 1
DETDESC# PRAK01 Easy-MCA-2k SN 15071856
AP# Maestro Version 7.01
$DATE_MEA:
08/06/2002 01:20:45
$MEAS_TIM:
120 120
$DATA:
0 511
       0
       0
       0
       0
       0
       0
       0
       0
       0
       0
       0
       0
       0
       0
       0
       0
       0
       1
      12
     256
     308
     294
     353
     337
     370
     334
     337
     377
     361
     401
     401
     383
     382
     395
     415
     429
     458
     453
     457
     454
     434
     445
     446
     453
     430
     428
     405
     390
     393
     395
     386
     400
     368
     335
     385
     360
     360
     342
     344
     347
     345
     365
     358
     339
     354
     341
     361
     355
     384
     347
     383
     358
     365
     382
     393
     378
     389
     347
     366
     335
     312
     302
     231
     234
     190
     204
     156
     148
     170
     123
     138
     140
     135
     126
     124
     139
     124
     146
     147
     147
     132
     127
     149
     191
     264
     282
     397
     600
     912
    1303
    1663
    1999
    2423
    2555
    2587
    2337
    2003
    1502
    1057
     746
     446
     240
     119
      43
      21
      13
       7
       9
       6
       2
       2
       1
       3
       6
       3
       5
       3
       4
       5
       3
       4
       2
       6
       4
       0
       5
       4
       3
       2
       2
       4
       4
       2
       4
       5
       2
       5
       1
       2
       4
       1
       3
       1
       1
       3
       1
       1
       2
       0
       0
       1
       2
       1
       3
       0
       2
       1
       0
       3
       0
       2
       5
       4
       2
       4
       1
       1
       1
       4
       0
       2
       3
       1
       1
       4
       1
       1
       1
       5
       2
       1
       2
       2
       1
       2
       2
       1
       1
       1
       0
       2
       0
       2
       1
       1
       1
       1
       0
       0
       1
       0
       0
       1
       1
       1
       3
       0
       0
       1
       0
       0
       2
       2
       4
       1
       2
       0
       5
       1
       1
       3
       3
       3
       2
       0
       3
       2
       0
       0
       1
       0
       0
       2
       1
       0
       0
       2
       0
       0
       0
       0
       0
       0
       0
       0
       0
       0
       1
       1
       0
       2
       0
       1
       1
       0
       0
       2
       0
       0
       0
       1
       0
       1
       0
       0
       0
       0
       0
       0
       0
       0
       1
       0
       0
       0
       0
       2
       0
       0
       0
       0
       0
       1
       0
       2
       0
       0
       1
       0
       0
       0
       0
       1
       0
       0
       0
       1
       0
       0
       0
       0
       1
       0
       0
       0
       0
       0
       0
       1
       0
       1
       0
       1
       0
       0
       1
       0
       0
       0
       0
       1
       0
       0
       0
       0
       0
       0
       0
       0
       0
       0
       0
       1
       0
       0
       1
       0
       0
       0
       0
       0
       0
       0
       0
       0
       0
       0
       0
       1
       0
       0
       0
       0
       1
       0
       0
       1
       0
       0
       0
       0
       0
       0
       0
       0
       0
       0
       0
       0
       0
       0
       0
       0
       0
       0
       0
       0
       0
       0
       0
       0
       0
       0
       0
       0
       0
       0
       0
       0
       0
       0
       0
       0
       0
       0
       1
       0
       0
       0
       0
       0
       0
       0
       0
       1
       1
       1
       0
       0
       0
       0
       0
       0
       0
       0
       0
       1
       0
       0
       0
       0
       0
       0
       0
       0
       0
       0
       0
       0
       0
       0
       0
       0
       0
       0
       0
       0
       0
       0
       0
       0
       0
       0
       0
       0
       0
       0
       0
       0
       0
       1
       0
       0
       0
       0
       0
       0
       0
       0
       0
       0
       0
       0
       0
       0
       0
       0
       0
       0
       0
       0
       0
       0
       0
       0
       0
       0
       0
       0
       0
       0
       0
       0
       0
       0
       0
       0
       0
       0
       0
       0
       0
$ROI:
1
101 125
$PRESETS:
Live Time
120
0
$ENER_FIT:
0.000000 0.000000
$MCA_CAL:
3
0.000000E+000 0.000000E+000 0.000000E+000 
$SHAPE_CAL:
3
0.000000E+000 0.000000E+000 0.000000E+000
