$SPEC_ID:
No sample description was entered.
$SPEC_REM:
DET# 1
DETDESC# PRAK01 Easy-MCA-2k SN 15071856
AP# Maestro Version 7.01
$DATE_MEA:
08/06/2002 01:54:00
$MEAS_TIM:
180 180
$DATA:
0 511
       0
       0
       0
       0
       0
       0
       0
       0
       0
       0
       0
       0
       0
       0
       0
       0
       0
       0
       6
     287
     348
     345
     391
     355
     383
     418
     414
     450
     458
     464
     416
     454
     463
     426
     498
     505
     534
     494
     498
     546
     495
     486
     485
     514
     451
     446
     417
     433
     428
     417
     438
     391
     387
     392
     408
     378
     426
     377
     382
     361
     387
     394
     363
     383
     383
     413
     417
     383
     373
     397
     414
     384
     385
     382
     395
     429
     407
     387
     345
     329
     349
     305
     267
     238
     200
     176
     167
     188
     160
     165
     141
     143
     160
     154
     139
     171
     142
     176
     160
     151
     179
     192
     215
     314
     414
     566
     838
    1175
    1648
    2043
    2480
    2703
    2697
    2588
    2199
    1796
    1310
     864
     508
     307
     166
      87
      21
      15
       5
       8
       8
       5
       5
       7
       7
       6
       5
       5
       5
       3
       6
       6
       1
       6
       4
       4
       1
       4
       2
       2
       5
       3
       3
       6
       3
       1
       7
       0
       8
       0
       3
       3
       3
       5
       3
       2
       3
       4
       3
       1
       1
       5
       0
       4
       2
       5
       3
       2
       5
       2
       6
       4
       5
       5
       6
       3
       2
       3
       2
       2
       3
       3
       4
       4
       3
       3
       2
       2
       3
       1
       5
       2
       4
       2
       1
       0
       2
       1
       0
       3
       2
       2
       0
       0
       0
       1
       0
       1
       0
       0
       0
       5
       4
       0
       3
       1
       3
       0
       2
       1
       1
       5
       5
       1
       3
       4
       3
       3
       4
       1
       3
       2
       1
       2
       2
       2
       1
       3
       1
       3
       2
       0
       0
       0
       0
       0
       2
       1
       1
       0
       2
       1
       1
       2
       0
       1
       1
       0
       0
       0
       0
       0
       0
       0
       0
       1
       0
       0
       0
       0
       1
       1
       0
       1
       2
       1
       1
       0
       0
       0
       1
       0
       1
       0
       0
       0
       0
       0
       0
       0
       0
       0
       0
       0
       0
       1
       1
       1
       0
       0
       0
       2
       0
       0
       0
       0
       1
       1
       0
       0
       1
       1
       0
       0
       0
       1
       1
       0
       2
       0
       0
       0
       0
       0
       0
       0
       1
       1
       0
       0
       1
       0
       1
       1
       1
       0
       0
       0
       1
       0
       0
       0
       1
       1
       1
       1
       0
       0
       0
       1
       0
       0
       0
       1
       0
       0
       0
       0
       1
       0
       1
       0
       0
       0
       0
       0
       0
       0
       0
       0
       0
       0
       0
       0
       1
       0
       0
       0
       0
       1
       0
       0
       0
       0
       0
       0
       0
       0
       0
       0
       1
       0
       0
       1
       0
       0
       0
       0
       0
       0
       0
       0
       0
       1
       1
       0
       0
       0
       0
       0
       1
       0
       0
       0
       0
       0
       0
       0
       0
       0
       0
       0
       0
       0
       0
       0
       0
       0
       0
       0
       0
       0
       0
       0
       0
       0
       0
       0
       0
       0
       0
       0
       0
       0
       0
       0
       0
       0
       0
       0
       0
       0
       0
       0
       0
       0
       0
       0
       0
       0
       0
       0
       0
       0
       0
       0
       0
       0
       0
       0
       0
       0
       0
       0
       0
       0
       0
       0
       0
       0
       0
       0
       0
       0
       0
       0
       0
       0
       0
       0
       0
       0
       0
       0
       0
       0
       0
       0
       0
       0
       0
       0
       0
       0
       0
       0
$ROI:
1
101 125
$PRESETS:
Live Time
180
0
$ENER_FIT:
0.000000 0.000000
$MCA_CAL:
3
0.000000E+000 0.000000E+000 0.000000E+000 
$SHAPE_CAL:
3
0.000000E+000 0.000000E+000 0.000000E+000
