$SPEC_ID:
No sample description was entered.
$SPEC_REM:
DET# 1
DETDESC# PRAK01 Easy-MCA-2k SN 15071856
AP# Maestro Version 7.01
$DATE_MEA:
08/06/2002 02:14:35
$MEAS_TIM:
180 180
$DATA:
0 511
       0
       0
       0
       0
       0
       0
       0
       0
       0
       0
       0
       0
       0
       0
       0
       0
       0
       0
       2
     178
     234
     226
     228
     265
     289
     292
     294
     288
     283
     304
     321
     348
     347
     333
     334
     333
     297
     316
     303
     334
     323
     290
     270
     290
     284
     306
     270
     279
     265
     267
     294
     236
     248
     286
     226
     288
     256
     259
     256
     233
     223
     244
     233
     251
     271
     265
     282
     253
     273
     237
     255
     232
     267
     265
     238
     228
     228
     220
     201
     191
     199
     172
     165
     143
     146
     139
     113
      99
     115
     124
      95
      89
     119
      97
     103
     118
     104
     128
     146
     189
     221
     286
     401
     550
     675
     823
     988
    1221
    1396
    1425
    1454
    1389
    1144
     947
     671
     496
     274
     163
      98
      39
      18
       8
       8
       6
       5
       5
      13
       4
       5
       7
       5
       5
       5
       2
       7
       3
       6
       3
       3
       2
       4
       3
       1
       7
       4
       4
       4
       1
       4
       2
       6
       4
       2
       4
       7
       5
       4
       2
       5
       7
       2
       3
       4
       3
       3
       2
       0
       3
       2
       2
       1
       1
       0
       3
       3
       2
       1
       4
       3
       1
       1
       4
       2
       2
       1
       1
       1
       1
       1
       6
       2
       4
       3
       3
       1
       3
       0
       4
       1
       2
       0
       2
       2
       1
       0
       2
       2
       1
       2
       1
       1
       1
       2
       2
       1
       0
       0
       2
       3
       1
       0
       3
       2
       3
       4
       3
       2
       3
       4
       1
       6
       1
       2
       4
       2
       5
       0
       1
       2
       1
       3
       1
       0
       0
       0
       2
       1
       4
       0
       0
       1
       0
       0
       0
       1
       0
       0
       0
       0
       0
       0
       1
       0
       0
       1
       1
       1
       2
       0
       1
       0
       0
       3
       1
       0
       1
       1
       2
       0
       1
       0
       1
       1
       2
       0
       0
       0
       0
       0
       0
       1
       3
       0
       2
       0
       0
       0
       0
       0
       0
       0
       0
       0
       2
       0
       0
       0
       0
       0
       0
       0
       0
       0
       1
       0
       1
       1
       1
       0
       0
       1
       1
       0
       1
       0
       0
       2
       0
       0
       0
       0
       0
       2
       0
       0
       0
       0
       0
       0
       0
       0
       0
       0
       0
       0
       1
       0
       0
       0
       0
       1
       0
       0
       0
       0
       0
       0
       0
       0
       0
       1
       0
       0
       2
       0
       1
       1
       0
       0
       0
       0
       0
       0
       0
       0
       0
       0
       0
       0
       0
       0
       0
       0
       0
       0
       0
       1
       0
       0
       0
       0
       0
       0
       1
       0
       0
       0
       0
       0
       1
       0
       0
       0
       1
       0
       0
       0
       0
       0
       0
       0
       1
       0
       0
       0
       0
       0
       0
       0
       0
       0
       0
       0
       0
       0
       0
       0
       0
       0
       0
       0
       0
       0
       0
       0
       0
       0
       0
       0
       0
       0
       0
       0
       0
       0
       0
       0
       0
       0
       0
       0
       0
       0
       0
       0
       0
       0
       0
       0
       0
       0
       0
       0
       0
       0
       0
       0
       0
       0
       0
       0
       0
       0
       0
       0
       0
       0
       0
       0
       0
       0
       0
       0
       0
       0
       0
       0
       0
       0
       0
       0
       0
       0
       0
       0
       0
       0
       0
       0
       0
       0
       0
       0
       0
       0
       0
       0
       0
       0
       0
       0
       0
$ROI:
1
101 125
$PRESETS:
Live Time
180
0
$ENER_FIT:
0.000000 0.000000
$MCA_CAL:
3
0.000000E+000 0.000000E+000 0.000000E+000 
$SHAPE_CAL:
3
0.000000E+000 0.000000E+000 0.000000E+000
