$SPEC_ID:
No sample description was entered.
$SPEC_REM:
DET# 1
DETDESC# PRAK01 Easy-MCA-2k SN 15071856
AP# Maestro Version 7.01
$DATE_MEA:
08/06/2002 02:22:34
$MEAS_TIM:
180 180
$DATA:
0 511
       0
       0
       0
       0
       0
       0
       0
       0
       0
       0
       0
       0
       0
       0
       0
       0
       0
       0
       6
     180
     267
     203
     239
     241
     260
     272
     258
     259
     275
     278
     292
     298
     277
     318
     303
     273
     292
     330
     347
     314
     338
     289
     296
     284
     307
     316
     265
     265
     276
     284
     268
     264
     262
     269
     261
     273
     262
     240
     251
     278
     262
     272
     245
     279
     245
     255
     249
     253
     255
     235
     215
     240
     271
     229
     282
     292
     233
     269
     266
     207
     211
     203
     155
     162
     151
     136
     109
     111
     111
      87
      94
      94
     102
      92
     102
     105
     108
     102
     108
     109
     111
     132
     124
     180
     237
     328
     448
     603
     891
    1131
    1377
    1498
    1750
    1588
    1473
    1227
    1042
     700
     440
     272
     180
      81
      52
      17
       8
       8
       7
       5
       3
       7
       3
       5
       1
       7
       3
      11
       3
       1
       5
       7
       4
       5
       2
       0
       5
       5
       3
       4
       5
       4
       1
       6
       1
       6
       5
       4
       7
       3
       4
       2
       5
       3
       3
       3
       3
       3
       4
       4
       1
       3
       1
       5
       3
       4
       1
       0
       2
       2
       0
       4
       3
       1
       4
       3
       5
       3
       3
       6
       1
       3
       3
       0
       4
       3
       2
       5
       0
       3
       3
       3
       1
       1
       2
       3
       2
       1
       2
       1
       1
       0
       2
       4
       3
       2
       0
       2
       0
       0
       2
       1
       1
       2
       1
       2
       1
       2
       1
       2
       3
       4
       8
       5
       7
       2
       4
       3
       4
       3
       6
       3
       3
       0
       0
       4
       1
       1
       2
       0
       0
       2
       2
       0
       0
       0
       0
       0
       1
       0
       2
       2
       0
       0
       0
       0
       0
       0
       1
       0
       0
       0
       0
       0
       2
       0
       1
       0
       0
       0
       0
       1
       0
       0
       2
       2
       0
       1
       2
       0
       1
       0
       1
       1
       0
       0
       0
       2
       0
       0
       0
       0
       0
       0
       0
       0
       1
       1
       1
       0
       0
       1
       0
       0
       0
       0
       0
       0
       0
       0
       0
       0
       0
       1
       1
       1
       0
       0
       0
       0
       0
       0
       1
       0
       2
       1
       0
       1
       1
       0
       1
       1
       1
       0
       1
       0
       1
       2
       0
       0
       0
       0
       1
       1
       0
       1
       1
       1
       0
       1
       0
       1
       0
       0
       0
       0
       0
       0
       1
       0
       0
       0
       0
       1
       0
       0
       0
       0
       0
       0
       1
       0
       0
       0
       0
       0
       0
       1
       0
       0
       0
       2
       0
       0
       0
       0
       0
       0
       0
       0
       0
       0
       0
       0
       0
       0
       1
       0
       0
       0
       0
       0
       0
       0
       0
       0
       0
       0
       0
       0
       0
       0
       0
       0
       0
       0
       0
       1
       0
       0
       0
       1
       0
       0
       0
       0
       0
       0
       0
       0
       0
       0
       0
       0
       0
       0
       0
       0
       0
       0
       0
       0
       0
       0
       0
       0
       1
       0
       0
       0
       0
       0
       0
       0
       0
       0
       0
       0
       0
       0
       0
       0
       0
       0
       0
       0
       0
       0
       0
       0
       0
       0
       0
       0
       0
       0
       0
       1
       0
       0
       0
       0
       0
       0
       0
       0
       0
       0
       0
       0
       0
       0
       0
       0
       0
       0
       0
       0
       0
       0
       0
       0
       0
       0
$ROI:
1
101 125
$PRESETS:
Live Time
180
0
$ENER_FIT:
0.000000 0.000000
$MCA_CAL:
3
0.000000E+000 0.000000E+000 0.000000E+000 
$SHAPE_CAL:
3
0.000000E+000 0.000000E+000 0.000000E+000
