$SPEC_ID:
No sample description was entered.
$SPEC_REM:
DET# 1
DETDESC# PRAK01 Easy-MCA-2k SN 15071856
AP# Maestro Version 7.01
$DATE_MEA:
08/06/2002 02:05:52
$MEAS_TIM:
180 180
$DATA:
0 511
       0
       0
       0
       0
       0
       0
       0
       0
       0
       0
       0
       0
       0
       0
       0
       0
       0
       0
       8
     293
     336
     361
     343
     357
     371
     407
     449
     442
     381
     434
     409
     436
     418
     451
     496
     509
     505
     510
     495
     551
     530
     450
     470
     479
     452
     475
     445
     445
     388
     440
     393
     391
     392
     364
     388
     425
     393
     380
     417
     381
     399
     391
     390
     381
     335
     376
     373
     381
     383
     387
     403
     395
     384
     380
     372
     380
     417
     390
     345
     301
     298
     261
     246
     201
     199
     198
     164
     167
     166
     144
     164
     145
     140
     173
     152
     146
     135
     147
     164
     202
     198
     214
     256
     334
     497
     734
    1054
    1507
    1869
    2318
    2586
    2690
    2634
    2402
    1925
    1464
    1028
     625
     390
     206
      94
      48
      22
       9
       7
       5
       3
       9
       3
       5
       6
       2
       3
      10
       6
       4
       6
       5
       4
       3
       4
       5
       3
       5
       4
       3
       4
       3
       1
       5
       6
       1
       6
       5
       6
       1
       3
       1
       4
       3
       5
       4
       2
       4
       0
       3
       5
       3
       2
       1
       2
       2
       6
       3
       5
       4
       3
       1
       3
       2
       3
       2
       5
       3
       2
       2
       3
       0
       3
       2
       2
       0
       2
       2
       0
       3
       2
       2
       2
       0
       1
       2
       2
       6
       2
       2
       1
       1
       1
       0
       3
       0
       0
       1
       3
       4
       1
       0
       2
       2
       3
       2
       2
       2
       2
       2
       5
       5
       0
       3
       4
       1
       3
       2
       1
       6
       4
       1
       2
       4
       1
       2
       1
       3
       2
       1
       0
       0
       1
       0
       0
       1
       1
       0
       2
       0
       0
       0
       0
       0
       1
       0
       1
       0
       0
       0
       0
       0
       0
       0
       0
       1
       0
       0
       1
       0
       1
       0
       0
       1
       1
       2
       1
       0
       4
       0
       0
       0
       0
       0
       0
       1
       0
       0
       1
       0
       0
       1
       0
       0
       0
       2
       0
       0
       2
       0
       0
       1
       0
       0
       0
       1
       0
       0
       1
       1
       0
       0
       0
       0
       0
       0
       0
       0
       0
       0
       0
       0
       1
       0
       0
       0
       0
       0
       1
       1
       0
       0
       1
       1
       0
       0
       0
       0
       0
       0
       2
       0
       0
       1
       0
       0
       0
       1
       1
       0
       2
       1
       1
       0
       2
       1
       1
       0
       0
       1
       1
       0
       1
       1
       0
       0
       0
       1
       1
       0
       1
       0
       1
       0
       0
       1
       0
       0
       0
       0
       0
       0
       0
       0
       0
       0
       0
       0
       0
       0
       0
       0
       0
       0
       0
       0
       0
       0
       0
       0
       0
       0
       0
       0
       0
       0
       1
       0
       1
       0
       0
       0
       0
       0
       1
       0
       0
       0
       1
       0
       0
       0
       0
       0
       0
       0
       0
       0
       0
       0
       0
       0
       0
       0
       0
       0
       0
       0
       0
       0
       0
       0
       0
       0
       0
       0
       0
       0
       0
       0
       0
       0
       0
       0
       0
       0
       0
       0
       0
       0
       0
       0
       0
       0
       0
       1
       0
       0
       0
       0
       0
       0
       0
       0
       0
       0
       0
       0
       0
       0
       0
       0
       0
       0
       0
       0
       0
       0
       0
       0
       0
       0
       0
       0
       0
       0
       0
       0
       0
       0
       0
       0
       0
       0
       0
       0
$ROI:
1
101 125
$PRESETS:
Live Time
180
0
$ENER_FIT:
0.000000 0.000000
$MCA_CAL:
3
0.000000E+000 0.000000E+000 0.000000E+000 
$SHAPE_CAL:
3
0.000000E+000 0.000000E+000 0.000000E+000
