$SPEC_ID:
No sample description was entered.
$SPEC_REM:
DET# 1
DETDESC# PRAK01 Easy-MCA-2k SN 15071856
AP# Maestro Version 7.01
$DATE_MEA:
08/06/2002 02:50:51
$MEAS_TIM:
180 180
$DATA:
0 511
       0
       0
       0
       0
       0
       0
       0
       0
       0
       0
       0
       0
       0
       0
       0
       0
       0
       0
       5
     152
     191
     210
     222
     247
     253
     246
     264
     260
     265
     259
     286
     279
     289
     247
     279
     297
     311
     298
     302
     274
     289
     287
     270
     264
     265
     270
     292
     236
     248
     252
     278
     248
     256
     221
     239
     226
     240
     227
     236
     220
     225
     241
     224
     224
     224
     228
     217
     259
     211
     224
     246
     218
     231
     248
     244
     235
     214
     223
     211
     228
     196
     157
     153
     145
     137
     126
     129
      93
     106
      93
      88
      81
      93
      96
     103
      92
      96
     100
     106
      98
     112
     109
     102
     129
     149
     178
     289
     397
     574
     841
    1037
    1270
    1372
    1508
    1524
    1358
    1100
     876
     598
     415
     228
     125
      65
      29
      22
       8
       4
       5
       4
       5
       6
       3
       6
       3
       4
       5
       5
       3
      10
       4
       5
       4
       6
       2
       5
       4
       2
       5
       3
       6
       3
       4
       2
       2
       6
       3
       4
       4
       3
       1
       1
       1
       2
       5
       7
       5
       1
       4
       4
       1
       2
       1
       4
       2
       3
       1
       8
       3
       4
       3
       2
       6
       3
       2
       4
       1
       4
       1
       1
       1
       2
       5
       3
       4
       0
       3
       0
       1
       0
       2
       2
       1
       2
       1
       1
       4
       3
       1
       3
       2
       1
       1
       0
       1
       2
       1
       2
       2
       1
       1
       1
       1
       2
       1
       1
       1
       3
       3
       0
       1
       2
       1
       2
       7
       4
       1
       3
       2
       3
       3
       3
       6
       3
       2
       2
       1
       3
       1
       0
       1
       1
       0
       1
       0
       0
       1
       0
       1
       0
       2
       1
       0
       1
       0
       0
       0
       0
       0
       1
       1
       1
       0
       1
       1
       0
       1
       1
       1
       2
       1
       1
       0
       0
       0
       1
       0
       0
       0
       0
       1
       2
       0
       0
       1
       0
       1
       0
       0
       0
       1
       1
       1
       0
       0
       0
       0
       0
       0
       0
       1
       0
       0
       0
       0
       0
       0
       0
       0
       1
       1
       0
       1
       1
       1
       1
       1
       0
       0
       0
       0
       0
       0
       0
       2
       0
       0
       0
       0
       0
       0
       2
       0
       0
       0
       0
       0
       0
       1
       0
       0
       2
       0
       1
       2
       0
       0
       0
       0
       1
       0
       0
       0
       0
       0
       0
       0
       0
       0
       0
       0
       0
       1
       1
       0
       0
       0
       0
       0
       0
       0
       0
       0
       0
       1
       0
       1
       0
       0
       0
       1
       0
       0
       1
       0
       1
       0
       0
       0
       0
       0
       0
       0
       0
       2
       0
       0
       0
       0
       1
       1
       0
       0
       1
       0
       0
       0
       0
       0
       0
       0
       0
       3
       0
       0
       0
       0
       0
       0
       0
       0
       0
       1
       0
       0
       0
       0
       0
       0
       0
       0
       0
       0
       0
       0
       0
       0
       0
       0
       0
       0
       0
       0
       0
       0
       0
       0
       0
       0
       0
       0
       0
       0
       0
       0
       0
       0
       0
       0
       0
       0
       0
       0
       0
       0
       0
       0
       0
       0
       0
       0
       0
       0
       0
       0
       0
       0
       0
       0
       0
       0
       0
       0
       0
       0
       0
       0
       0
       0
       0
       0
       0
       0
       0
       0
       0
       0
       0
       0
       0
       0
       0
       0
$ROI:
1
101 125
$PRESETS:
Live Time
180
0
$ENER_FIT:
0.000000 0.000000
$MCA_CAL:
3
0.000000E+000 0.000000E+000 0.000000E+000 
$SHAPE_CAL:
3
0.000000E+000 0.000000E+000 0.000000E+000
