$SPEC_ID:
No sample description was entered.
$SPEC_REM:
DET# 1
DETDESC# PRAK01 Easy-MCA-2k SN 15071856
AP# Maestro Version 7.01
$DATE_MEA:
08/06/2002 02:35:20
$MEAS_TIM:
180 180
$DATA:
0 511
       0
       0
       0
       0
       0
       0
       0
       0
       0
       0
       0
       0
       0
       0
       0
       0
       0
       0
       5
     184
     249
     265
     271
     309
     312
     269
     272
     314
     314
     370
     320
     350
     347
     325
     364
     339
     350
     382
     373
     346
     371
     345
     335
     314
     306
     292
     277
     298
     278
     279
     280
     285
     250
     273
     281
     282
     277
     278
     243
     274
     327
     255
     270
     270
     243
     278
     250
     251
     258
     295
     244
     275
     274
     273
     275
     277
     283
     240
     224
     219
     165
     168
     136
     127
     148
     111
     101
     122
     107
     104
     109
      92
     108
     112
     114
     115
     129
     134
     125
     150
     154
     169
     235
     356
     492
     674
     923
    1269
    1462
    1708
    1814
    1795
    1536
    1271
     970
     702
     442
     240
     138
      55
      41
      12
      10
       7
       3
       6
       2
       8
       1
       2
       4
       6
       8
       4
       3
       2
       4
       8
       4
       2
       4
       6
       4
       8
       6
       4
       3
       2
       4
       4
       5
       3
       6
       3
       4
       5
       1
       4
       6
       4
       3
       2
       5
       5
       2
       4
       5
       3
       5
       3
       0
       4
       5
       4
       1
       1
       1
       3
       0
       4
       4
       3
       4
       3
       6
       3
       2
       1
       1
       5
       5
       1
       0
       2
       1
       1
       3
       0
       4
       5
       3
       2
       2
       3
       1
       3
       2
       0
       0
       2
       0
       2
       2
       1
       1
       1
       2
       2
       1
       1
       3
       2
       1
       3
       1
       4
       3
       2
       7
       4
       2
       5
       2
       3
       3
       5
       0
       3
       3
       0
       0
       2
       0
       3
       1
       0
       1
       0
       1
       0
       1
       0
       0
       0
       0
       1
       1
       0
       2
       0
       1
       0
       0
       0
       0
       0
       1
       1
       2
       0
       1
       1
       0
       0
       1
       1
       0
       1
       0
       1
       2
       0
       1
       0
       1
       1
       0
       0
       1
       0
       0
       2
       0
       0
       0
       0
       0
       0
       0
       0
       0
       0
       0
       0
       0
       0
       0
       0
       0
       0
       0
       0
       1
       0
       0
       1
       1
       0
       0
       0
       0
       1
       1
       1
       0
       0
       0
       0
       1
       0
       0
       1
       1
       0
       2
       0
       0
       0
       0
       1
       0
       0
       1
       2
       0
       0
       1
       1
       1
       0
       0
       1
       0
       1
       0
       0
       0
       0
       0
       0
       0
       0
       0
       1
       0
       0
       0
       0
       0
       0
       0
       0
       0
       0
       0
       0
       0
       0
       0
       0
       1
       0
       0
       0
       0
       0
       0
       0
       0
       0
       1
       1
       0
       0
       0
       0
       0
       0
       0
       0
       1
       0
       0
       1
       0
       1
       1
       0
       0
       0
       0
       0
       0
       0
       0
       0
       0
       1
       0
       0
       0
       0
       0
       0
       0
       0
       0
       0
       0
       0
       0
       0
       0
       0
       0
       0
       0
       0
       0
       0
       0
       0
       0
       0
       0
       1
       0
       0
       0
       0
       0
       1
       0
       0
       0
       0
       0
       1
       0
       0
       0
       0
       0
       0
       0
       0
       0
       0
       0
       0
       0
       0
       0
       0
       0
       0
       0
       1
       0
       0
       0
       0
       0
       1
       0
       0
       0
       0
       0
       0
       0
       0
       0
       0
       0
       0
       0
       0
       0
       0
       0
       0
       0
       0
       0
       0
       0
       0
       0
       0
       0
       0
$ROI:
1
101 125
$PRESETS:
Live Time
180
0
$ENER_FIT:
0.000000 0.000000
$MCA_CAL:
3
0.000000E+000 0.000000E+000 0.000000E+000 
$SHAPE_CAL:
3
0.000000E+000 0.000000E+000 0.000000E+000
