$SPEC_ID:
No sample description was entered.
$SPEC_REM:
DET# 1
DETDESC# PRAK01 Easy-MCA-2k SN 15071856
AP# Maestro Version 7.01
$DATE_MEA:
08/06/2002 01:48:43
$MEAS_TIM:
180 180
$DATA:
0 511
       0
       0
       0
       0
       0
       0
       0
       0
       0
       0
       0
       0
       0
       0
       0
       1
       0
       0
       1
      99
     122
     103
     103
     130
     130
     135
     136
     141
     159
     160
     138
     123
     151
     173
     142
     149
     146
     157
     159
     130
     136
     139
     143
     143
     130
     132
     125
     107
     138
     127
     117
     104
     120
     122
     115
     142
     119
     103
     103
     102
      85
     115
      97
     125
      90
     108
     107
     113
     114
     102
      93
      95
     102
      85
      95
     102
     113
      89
      97
      79
      67
      59
      71
      66
      54
      67
      56
      59
      50
      37
      37
      53
      47
      49
      43
      41
      55
      35
      51
      49
      47
      71
      66
      76
     113
     179
     247
     344
     490
     511
     554
     638
     636
     537
     483
     384
     249
     166
      97
      59
      23
      19
      11
       4
       5
       5
       7
       5
       4
       6
       1
       3
       5
       6
       4
       6
       1
       2
       5
       2
       2
       3
       1
       2
       3
       3
       2
       5
       2
       5
       6
       4
       2
       8
       2
       6
       4
       1
       3
       2
       5
       4
       2
       3
       4
       1
       5
       3
       3
       4
       3
       1
       1
       2
       6
       4
       2
       3
       1
       1
       1
       6
       2
       3
       2
       3
       1
       2
       2
       2
       2
       0
       2
       4
       1
       4
       0
       1
       1
       1
       2
       0
       4
       1
       2
       2
       2
       1
       1
       3
       3
       1
       1
       0
       0
       4
       1
       0
       1
       3
       0
       0
       2
       3
       3
       2
       3
       3
       3
       5
       4
       0
       7
       4
       2
       1
       4
       3
       6
       1
       3
       0
       1
       0
       3
       1
       1
       0
       0
       2
       0
       3
       2
       0
       1
       1
       0
       0
       0
       0
       1
       1
       2
       1
       1
       0
       1
       1
       2
       0
       1
       0
       1
       0
       0
       1
       1
       0
       2
       0
       0
       0
       1
       0
       0
       0
       1
       1
       1
       0
       0
       0
       0
       1
       0
       0
       1
       0
       0
       0
       0
       0
       0
       0
       0
       0
       2
       2
       0
       0
       2
       1
       3
       0
       1
       0
       0
       0
       1
       0
       0
       1
       0
       0
       1
       0
       0
       0
       0
       0
       0
       0
       1
       1
       0
       1
       1
       0
       0
       0
       1
       0
       0
       1
       0
       0
       0
       0
       0
       0
       1
       0
       2
       1
       1
       1
       0
       1
       1
       0
       0
       0
       0
       0
       0
       0
       1
       0
       0
       0
       0
       0
       0
       0
       0
       0
       0
       0
       0
       1
       0
       0
       0
       1
       0
       0
       0
       0
       0
       0
       1
       0
       0
       0
       1
       0
       0
       1
       0
       0
       0
       0
       0
       0
       0
       0
       0
       0
       1
       0
       1
       0
       0
       0
       0
       1
       0
       0
       0
       0
       0
       2
       0
       0
       0
       0
       0
       0
       0
       0
       0
       0
       0
       0
       0
       0
       0
       0
       0
       0
       0
       0
       0
       0
       0
       0
       0
       0
       0
       0
       0
       0
       0
       0
       1
       0
       0
       0
       0
       0
       0
       0
       0
       0
       0
       0
       0
       0
       0
       0
       0
       0
       0
       0
       0
       1
       0
       0
       1
       0
       0
       0
       0
       0
       0
       0
       0
       0
       0
       0
       0
       0
       0
       0
       0
       0
       0
       0
       0
       0
       0
       0
       0
       0
       0
       0
       0
       0
       0
       0
       0
       0
$ROI:
1
101 125
$PRESETS:
Live Time
180
0
$ENER_FIT:
0.000000 0.000000
$MCA_CAL:
3
0.000000E+000 0.000000E+000 0.000000E+000 
$SHAPE_CAL:
3
0.000000E+000 0.000000E+000 0.000000E+000
