$SPEC_ID:
No sample description was entered.
$SPEC_REM:
DET# 1
DETDESC# PRAK01 Easy-MCA-2k SN 15071856
AP# Maestro Version 7.01
$DATE_MEA:
08/06/2002 02:30:39
$MEAS_TIM:
180 180
$DATA:
0 511
       0
       0
       0
       0
       0
       0
       0
       0
       0
       0
       0
       0
       0
       0
       0
       0
       0
       0
       3
     187
     241
     226
     236
     228
     273
     251
     292
     265
     305
     327
     291
     335
     281
     274
     322
     329
     374
     296
     295
     332
     319
     323
     318
     309
     292
     275
     301
     299
     265
     306
     254
     249
     249
     260
     248
     247
     229
     265
     245
     248
     264
     253
     253
     247
     226
     255
     241
     293
     277
     268
     242
     246
     265
     265
     248
     266
     239
     232
     246
     245
     209
     206
     168
     178
     148
     133
     125
     110
     125
      95
     105
      80
      82
      90
      97
      66
      94
      93
      96
     100
     114
     124
     129
     149
     207
     277
     425
     586
     787
    1040
    1265
    1562
    1730
    1733
    1621
    1395
    1075
     780
     445
     317
     169
      97
      44
      20
       9
      12
       7
       4
       5
       3
       4
       3
       8
       7
       7
       5
       6
       3
       4
       5
       3
       2
       2
       3
      10
       7
       5
       2
       4
       7
      11
       5
       4
       4
       4
       2
       0
       3
       5
       3
       7
       4
       2
       2
       4
       6
       3
       5
       4
       1
       4
       2
       3
       3
       2
       1
       4
       2
       2
       4
       5
       2
       1
       2
       1
       3
       4
       3
       1
       1
       4
       1
       1
       4
       3
       1
       2
       1
       2
       0
       1
       1
       0
       1
       1
       1
       3
       1
       3
       1
       2
       2
       0
       2
       2
       0
       2
       1
       0
       3
       2
       2
       2
       2
       0
       1
       1
       1
       2
       5
       4
       1
       6
       4
       9
       2
       4
       8
       2
       0
       0
       3
       5
       2
       3
       3
       0
       0
       4
       0
       0
       2
       0
       0
       0
       1
       1
       0
       0
       0
       2
       0
       0
       1
       0
       0
       0
       0
       0
       2
       0
       0
       1
       0
       1
       0
       1
       1
       2
       0
       0
       0
       0
       2
       1
       1
       0
       0
       0
       0
       0
       0
       0
       0
       0
       0
       1
       0
       0
       0
       0
       2
       2
       1
       0
       0
       0
       1
       0
       1
       1
       1
       0
       0
       0
       1
       0
       2
       0
       0
       0
       0
       0
       0
       1
       0
       1
       0
       0
       1
       2
       0
       0
       1
       1
       0
       0
       0
       1
       0
       0
       0
       0
       0
       0
       1
       0
       2
       0
       0
       0
       2
       1
       0
       0
       0
       0
       0
       1
       0
       0
       0
       0
       0
       0
       0
       0
       1
       0
       0
       1
       1
       0
       0
       1
       0
       1
       0
       0
       0
       0
       1
       0
       0
       0
       0
       0
       0
       0
       0
       0
       0
       1
       0
       0
       0
       0
       0
       0
       0
       0
       0
       0
       0
       0
       0
       2
       1
       0
       1
       0
       0
       0
       0
       0
       0
       2
       1
       0
       2
       0
       0
       0
       0
       0
       0
       0
       0
       0
       0
       0
       1
       0
       0
       0
       0
       0
       0
       1
       0
       0
       0
       0
       0
       0
       0
       0
       0
       0
       0
       0
       0
       0
       0
       0
       0
       0
       0
       0
       0
       0
       0
       0
       0
       1
       0
       0
       0
       0
       0
       0
       0
       0
       0
       0
       0
       0
       0
       0
       0
       0
       0
       0
       0
       0
       0
       0
       0
       0
       0
       0
       0
       0
       0
       0
       0
       0
       0
       0
       0
       0
       0
       0
       0
       0
       0
       0
       0
       0
       0
       0
       0
$ROI:
1
101 125
$PRESETS:
Live Time
180
0
$ENER_FIT:
0.000000 0.000000
$MCA_CAL:
3
0.000000E+000 0.000000E+000 0.000000E+000 
$SHAPE_CAL:
3
0.000000E+000 0.000000E+000 0.000000E+000
