$SPEC_ID:
No sample description was entered.
$SPEC_REM:
DET# 1
DETDESC# PRAK01 Easy-MCA-2k SN 15071856
AP# Maestro Version 7.01
$DATE_MEA:
08/06/2002 01:36:04
$MEAS_TIM:
180 180
$DATA:
0 511
       0
       0
       0
       0
       0
       0
       0
       0
       0
       0
       0
       0
       0
       0
       0
       0
       0
       0
       0
      74
     116
     120
     126
     106
     136
     118
     134
     148
     170
     134
     145
     145
     148
     143
     174
     147
     156
     162
     153
     139
     150
     135
     125
     129
     127
     135
     131
     119
     120
     105
     125
     144
     126
     113
     107
     121
     108
     102
     107
     128
      93
     111
     100
     105
      93
      96
     104
      93
      95
     101
     100
      99
     101
     119
     103
      96
     108
     104
      87
      85
      95
      93
      88
      68
      57
      62
      59
      51
      51
      49
      37
      41
      43
      42
      25
      44
      37
      39
      40
      46
      56
      46
      43
      39
      65
      96
     121
     175
     249
     340
     462
     569
     593
     665
     606
     505
     449
     352
     238
     167
      90
      46
      35
      19
       2
       9
       3
       5
       5
       5
       4
       3
       3
       0
       5
       6
       5
       3
       6
       3
       6
       4
       1
       3
       2
       3
       5
       4
       4
       1
       1
       3
       1
       3
       4
       4
       4
       4
       2
       1
       0
       5
       3
       8
       1
       3
       6
       4
       4
       2
       2
       3
       0
       3
       0
       1
       1
       1
       6
       3
       1
       1
       5
       5
       0
       5
       2
       6
       1
       2
       1
       2
       0
       1
       7
       1
       2
       2
       4
       2
       3
       2
       1
       1
       3
       2
       0
       0
       1
       4
       2
       5
       2
       0
       1
       0
       1
       0
       0
       2
       5
       0
       4
       4
       2
       5
       3
       4
       2
       1
       3
       4
       3
       3
       3
       1
       3
       6
       3
       5
       2
       3
       2
       0
       2
       2
       2
       1
       1
       1
       0
       1
       0
       2
       0
       1
       1
       1
       0
       0
       0
       0
       1
       1
       0
       0
       0
       0
       0
       0
       3
       1
       0
       1
       1
       1
       1
       0
       0
       3
       0
       0
       0
       0
       1
       1
       2
       2
       0
       0
       0
       1
       2
       1
       1
       0
       0
       1
       0
       0
       1
       1
       1
       0
       0
       0
       0
       0
       0
       0
       0
       1
       0
       1
       0
       0
       0
       1
       1
       0
       0
       2
       0
       0
       0
       0
       3
       0
       1
       0
       0
       0
       0
       0
       0
       1
       1
       0
       1
       0
       0
       0
       0
       0
       0
       0
       0
       0
       0
       0
       1
       1
       1
       0
       0
       3
       0
       2
       0
       0
       2
       0
       1
       0
       0
       0
       0
       0
       0
       0
       0
       1
       0
       0
       0
       1
       1
       0
       0
       0
       0
       0
       0
       0
       0
       0
       0
       0
       0
       0
       0
       0
       0
       0
       0
       0
       0
       0
       0
       1
       0
       1
       1
       0
       0
       0
       0
       0
       1
       0
       0
       0
       0
       0
       1
       0
       0
       2
       0
       0
       0
       2
       0
       0
       1
       0
       1
       0
       0
       0
       1
       0
       0
       0
       0
       0
       0
       1
       0
       0
       0
       0
       0
       0
       0
       0
       1
       0
       0
       0
       0
       0
       0
       0
       0
       0
       0
       0
       0
       0
       0
       0
       0
       0
       0
       0
       0
       1
       0
       0
       0
       0
       0
       0
       0
       1
       0
       0
       0
       0
       0
       0
       0
       0
       0
       0
       0
       0
       0
       0
       0
       0
       0
       0
       0
       0
       0
       0
       0
       0
       0
       0
       0
       0
       0
       0
       0
       0
       0
       0
       0
       0
$ROI:
1
101 125
$PRESETS:
Live Time
180
0
$ENER_FIT:
0.000000 0.000000
$MCA_CAL:
3
0.000000E+000 0.000000E+000 0.000000E+000 
$SHAPE_CAL:
3
0.000000E+000 0.000000E+000 0.000000E+000
