$SPEC_ID:
No sample description was entered.
$SPEC_REM:
DET# 1
DETDESC# PRAK01 Easy-MCA-2k SN 15071856
AP# Maestro Version 7.01
$DATE_MEA:
08/06/2002 02:39:03
$MEAS_TIM:
180 180
$DATA:
0 511
       0
       0
       0
       0
       0
       0
       0
       0
       0
       0
       0
       0
       0
       0
       0
       0
       0
       0
       0
      90
      95
      98
     114
     125
     128
     145
     122
     130
     182
     132
     138
     141
     159
     143
     151
     156
     162
     166
     151
     186
     155
     138
     136
     133
     140
     115
     119
     136
     128
     122
     118
     125
     115
     109
      97
     116
     122
      87
     114
     103
      95
     108
     102
      97
     108
     105
      93
     100
     109
     102
      81
     106
     105
      99
     105
      98
     131
     110
     113
      89
      86
      62
      77
      62
      55
      55
      57
      45
      43
      45
      52
      50
      39
      39
      52
      27
      43
      36
      40
      45
      55
      62
      54
      70
      69
      67
     102
     166
     226
     290
     359
     490
     575
     565
     622
     519
     433
     357
     294
     182
      89
      78
      32
      18
      11
       8
       7
      10
       8
      11
       7
       3
       5
       2
       2
       8
       1
       3
       6
       3
       4
       6
       3
       4
       2
       2
       1
       3
       4
       5
       3
       4
       4
       2
       5
       2
       4
       3
       1
       1
       3
       5
       5
       3
       1
       3
       3
       1
       5
       2
       2
       3
       5
       1
       3
       2
       1
       3
       1
       1
       1
       3
       3
       2
       3
       5
       1
       1
       3
       2
       2
       0
       3
       4
       0
       3
       4
       3
       2
       0
       0
       0
       0
       2
       3
       1
       0
       5
       2
       2
       1
       1
       1
       0
       3
       2
       2
       0
       0
       0
       1
       2
       1
       0
       4
       2
       2
       3
       4
       2
       1
       2
       4
       6
       2
       5
       2
       1
       3
       5
       0
       2
       4
       3
       6
       1
       2
       2
       0
       1
       0
       2
       0
       0
       0
       1
       0
       1
       0
       0
       0
       0
       0
       0
       2
       0
       1
       0
       0
       1
       0
       0
       0
       1
       1
       1
       0
       1
       0
       0
       2
       0
       2
       0
       2
       0
       0
       2
       1
       0
       0
       1
       1
       2
       1
       0
       0
       0
       1
       0
       0
       1
       0
       0
       1
       0
       1
       1
       0
       0
       1
       0
       0
       0
       0
       0
       0
       0
       0
       0
       0
       0
       1
       0
       0
       0
       2
       1
       1
       0
       0
       1
       1
       0
       0
       0
       0
       1
       0
       1
       0
       1
       2
       0
       0
       0
       1
       0
       1
       0
       1
       0
       1
       2
       0
       1
       0
       0
       0
       0
       2
       1
       0
       1
       0
       0
       1
       0
       0
       0
       0
       0
       0
       2
       0
       1
       0
       0
       0
       1
       0
       0
       1
       0
       0
       0
       1
       1
       0
       0
       0
       0
       0
       0
       0
       0
       0
       0
       0
       0
       0
       1
       0
       1
       0
       0
       0
       0
       0
       0
       0
       0
       0
       0
       1
       1
       0
       1
       1
       0
       0
       0
       0
       0
       0
       0
       0
       0
       0
       0
       0
       0
       1
       0
       0
       0
       0
       0
       0
       0
       0
       0
       0
       0
       0
       0
       0
       0
       0
       0
       0
       0
       1
       0
       0
       0
       0
       0
       0
       0
       0
       0
       0
       0
       0
       0
       0
       0
       0
       0
       0
       0
       1
       0
       0
       0
       0
       0
       0
       0
       0
       0
       0
       0
       0
       0
       0
       0
       0
       0
       0
       0
       0
       0
       0
       0
       0
       0
       0
       0
       0
       0
       0
       0
       0
       0
       0
       0
       0
       0
       0
       0
$ROI:
1
101 125
$PRESETS:
Live Time
180
0
$ENER_FIT:
0.000000 0.000000
$MCA_CAL:
3
0.000000E+000 0.000000E+000 0.000000E+000 
$SHAPE_CAL:
3
0.000000E+000 0.000000E+000 0.000000E+000
