$SPEC_ID:
No sample description was entered.
$SPEC_REM:
DET# 1
DETDESC# PRAK01 Easy-MCA-2k SN 15071856
AP# Maestro Version 7.01
$DATE_MEA:
08/06/2002 02:10:52
$MEAS_TIM:
180 180
$DATA:
0 511
       0
       0
       0
       0
       0
       0
       0
       0
       0
       0
       0
       0
       0
       0
       0
       0
       0
       0
       8
     183
     247
     242
     269
     269
     266
     300
     344
     283
     301
     302
     295
     298
     313
     309
     306
     316
     332
     341
     323
     296
     320
     325
     320
     309
     315
     285
     282
     318
     252
     298
     272
     251
     263
     233
     276
     244
     243
     271
     244
     258
     266
     243
     260
     247
     246
     237
     237
     247
     264
     247
     290
     240
     271
     265
     257
     222
     270
     230
     197
     204
     170
     135
     124
     118
     132
     123
     102
     117
      93
     101
     111
     110
      92
     118
     102
     109
     122
     109
     125
     136
     150
     178
     256
     328
     476
     755
     953
    1210
    1436
    1603
    1733
    1704
    1471
    1177
     872
     623
     403
     205
     120
      61
      33
      20
       9
       9
       6
       3
       8
       7
       4
       2
       4
       4
       3
       4
       6
       3
       5
       5
       3
       2
       4
       4
       2
       3
       5
       4
       6
       3
       8
       4
       4
       5
       3
       0
       4
       4
       0
       5
       1
       3
       2
       5
       5
       3
       4
       2
       3
       4
       5
       2
       2
       2
       6
       5
       5
       6
       4
       4
       1
       3
       7
       3
       4
       3
       3
       2
       2
       6
       2
       5
       0
       2
       3
       2
       1
       2
       2
       3
       3
       3
       2
       5
       2
       1
       3
       0
       4
       2
       2
       1
       1
       4
       2
       2
       1
       2
       3
       3
       1
       3
       1
       1
       1
       0
       3
       1
       3
       4
       1
       4
       3
       3
       6
       4
       1
       3
       2
       2
       2
       0
       1
       0
       2
       1
       0
       1
       0
       0
       0
       0
       1
       0
       1
       0
       0
       0
       0
       1
       0
       2
       1
       1
       0
       0
       1
       0
       0
       0
       1
       2
       0
       1
       1
       1
       0
       0
       0
       1
       1
       0
       1
       0
       0
       0
       2
       1
       0
       0
       1
       0
       0
       0
       0
       0
       0
       0
       0
       1
       0
       0
       0
       1
       0
       1
       0
       1
       0
       2
       0
       0
       0
       0
       0
       1
       0
       0
       0
       2
       0
       0
       0
       0
       1
       0
       0
       0
       0
       1
       0
       1
       1
       1
       0
       1
       0
       1
       0
       0
       0
       0
       0
       0
       0
       0
       0
       0
       0
       0
       0
       0
       0
       0
       1
       1
       0
       0
       1
       0
       0
       0
       0
       0
       0
       0
       0
       0
       0
       1
       1
       0
       0
       0
       0
       0
       0
       0
       0
       0
       0
       0
       1
       0
       0
       0
       0
       0
       0
       0
       0
       0
       0
       0
       0
       0
       0
       0
       0
       0
       0
       2
       0
       1
       0
       0
       0
       0
       0
       0
       0
       0
       1
       0
       1
       0
       0
       0
       0
       0
       0
       0
       0
       0
       1
       0
       0
       0
       0
       0
       1
       0
       0
       0
       0
       0
       0
       1
       0
       0
       0
       0
       0
       1
       0
       0
       0
       0
       0
       0
       0
       0
       0
       0
       0
       0
       0
       0
       0
       0
       0
       0
       0
       0
       0
       0
       0
       0
       0
       0
       0
       0
       0
       0
       0
       0
       0
       0
       0
       0
       0
       0
       0
       0
       0
       0
       1
       0
       0
       0
       0
       0
       0
       0
       0
       0
       0
       0
       0
       0
       0
       0
       0
       0
       0
       0
       0
       0
       0
       0
       0
       0
       0
       0
$ROI:
1
101 125
$PRESETS:
Live Time
180
0
$ENER_FIT:
0.000000 0.000000
$MCA_CAL:
3
0.000000E+000 0.000000E+000 0.000000E+000 
$SHAPE_CAL:
3
0.000000E+000 0.000000E+000 0.000000E+000
