$SPEC_ID:
No sample description was entered.
$SPEC_REM:
DET# 1
DETDESC# PRAK01 Easy-MCA-2k SN 15071856
AP# Maestro Version 7.01
$DATE_MEA:
08/06/2002 01:57:48
$MEAS_TIM:
180 180
$DATA:
0 511
       0
       0
       0
       0
       0
       0
       0
       0
       0
       0
       1
       0
       0
       0
       0
       0
       0
       0
       5
     265
     395
     305
     359
     374
     372
     404
     431
     407
     451
     444
     410
     429
     451
     494
     453
     501
     510
     498
     519
     535
     464
     504
     494
     447
     479
     467
     458
     481
     421
     394
     444
     410
     409
     401
     370
     383
     386
     438
     367
     386
     387
     389
     400
     385
     367
     431
     358
     406
     454
     425
     409
     382
     409
     403
     419
     391
     411
     389
     348
     345
     291
     272
     226
     231
     214
     192
     173
     168
     164
     146
     157
     126
     153
     156
     149
     142
     163
     167
     163
     174
     185
     212
     222
     308
     424
     633
     870
    1163
    1626
    2037
    2425
    2737
    2793
    2623
    2240
    1836
    1283
     870
     588
     330
     167
      81
      33
      19
      11
       2
       9
       7
       4
       5
       5
       7
       4
       5
       8
       3
       3
       7
       2
       8
       3
      10
       2
       3
       6
       8
       4
       4
       4
       7
       7
       4
       2
       7
       6
       4
       2
       3
       4
       2
       3
       2
       2
       0
       3
       3
       3
       2
       2
       2
       1
       2
       3
       3
       3
       1
       2
       2
       4
       5
       2
       4
       0
       1
       4
       1
       2
       2
       5
       2
       1
       4
       4
       2
       3
       1
       1
       0
       3
       2
       1
       0
       5
       3
       4
       4
       2
       1
       0
       3
       1
       1
       1
       2
       1
       4
       2
       0
       2
       3
       2
       2
       3
       4
       0
       2
       1
       3
       6
       6
       1
       5
       5
       5
       4
       4
       8
       6
       3
       5
       5
       1
       2
       1
       1
       0
       0
       4
       1
       5
       2
       0
       2
       0
       2
       1
       2
       0
       0
       1
       1
       0
       1
       0
       0
       2
       1
       1
       1
       2
       0
       0
       0
       0
       0
       1
       0
       3
       3
       1
       1
       0
       0
       0
       0
       0
       1
       0
       1
       0
       0
       0
       0
       1
       1
       0
       1
       2
       0
       1
       0
       0
       0
       1
       1
       0
       0
       0
       0
       1
       0
       1
       0
       0
       1
       0
       0
       0
       0
       0
       1
       0
       1
       0
       0
       0
       0
       1
       1
       0
       1
       0
       3
       1
       0
       0
       0
       1
       1
       1
       2
       0
       0
       0
       0
       0
       0
       1
       0
       0
       1
       0
       2
       0
       0
       1
       1
       1
       0
       0
       0
       0
       0
       0
       1
       1
       0
       0
       0
       0
       0
       0
       0
       0
       0
       0
       0
       0
       0
       0
       0
       0
       1
       0
       0
       0
       0
       0
       0
       0
       0
       0
       0
       0
       0
       0
       0
       0
       0
       0
       0
       1
       0
       1
       1
       0
       0
       0
       0
       0
       0
       1
       0
       0
       0
       0
       1
       1
       1
       0
       0
       0
       0
       0
       0
       0
       0
       0
       0
       0
       0
       0
       0
       0
       0
       0
       0
       1
       0
       0
       0
       0
       0
       1
       0
       0
       0
       0
       0
       0
       0
       0
       0
       0
       0
       0
       0
       0
       0
       0
       0
       0
       0
       0
       0
       0
       0
       0
       0
       0
       0
       0
       0
       0
       0
       0
       0
       0
       0
       1
       0
       0
       0
       0
       0
       0
       0
       0
       0
       0
       0
       0
       0
       0
       0
       0
       0
       0
       0
       0
       0
       0
       0
       0
       0
       0
       0
       0
       0
       0
       0
       0
$ROI:
1
101 125
$PRESETS:
Live Time
180
0
$ENER_FIT:
0.000000 0.000000
$MCA_CAL:
3
0.000000E+000 0.000000E+000 0.000000E+000 
$SHAPE_CAL:
3
0.000000E+000 0.000000E+000 0.000000E+000
