$SPEC_ID:
No sample description was entered.
$SPEC_REM:
DET# 1
DETDESC# PRAK01 Easy-MCA-2k SN 15071856
AP# Maestro Version 7.01
$DATE_MEA:
08/06/2002 01:25:45
$MEAS_TIM:
120 120
$DATA:
0 511
       0
       0
       0
       0
       0
       0
       0
       0
       0
       0
       0
       1
       0
       0
       0
       0
       1
       0
       9
     242
     304
     317
     323
     321
     328
     386
     348
     378
     382
     391
     386
     398
     419
     401
     435
     441
     468
     501
     513
     454
     458
     403
     448
     462
     436
     409
     372
     391
     364
     428
     397
     360
     344
     382
     378
     337
     354
     336
     368
     366
     383
     353
     365
     347
     351
     368
     347
     356
     379
     366
     409
     367
     407
     341
     356
     385
     383
     357
     392
     361
     336
     301
     270
     265
     235
     183
     151
     159
     173
     141
     130
     134
     139
     137
     145
     118
     131
     148
     143
     136
     167
     145
     191
     184
     231
     312
     424
     596
     859
    1245
    1640
    2097
    2444
    2615
    2622
    2345
    2055
    1647
    1130
     761
     462
     263
     127
      50
      25
      20
       7
       4
       6
       9
       5
       4
       1
       3
       2
       4
       2
       2
       5
       2
       4
       2
       4
       7
       1
       3
       0
       4
       2
       3
       3
       0
       1
       2
       6
       2
       3
       1
       3
       2
       2
       7
       1
       7
       2
       1
       4
       2
       3
       2
       1
       2
       1
       5
       3
       2
       2
       3
       2
       2
       1
       2
       0
       3
       1
       0
       1
       4
       2
       1
       1
       1
       4
       3
       2
       1
       2
       2
       3
       1
       4
       0
       1
       2
       5
       0
       0
       0
       1
       1
       5
       0
       0
       0
       0
       1
       1
       0
       1
       0
       0
       1
       0
       0
       2
       1
       1
       2
       0
       1
       2
       3
       2
       4
       1
       3
       2
       3
       2
       2
       0
       4
       3
       0
       1
       2
       1
       0
       1
       1
       0
       0
       1
       1
       1
       0
       1
       2
       1
       1
       0
       1
       1
       1
       0
       1
       0
       0
       1
       0
       0
       0
       1
       0
       0
       2
       0
       0
       0
       1
       0
       0
       0
       0
       0
       0
       0
       0
       0
       0
       0
       1
       0
       0
       2
       0
       0
       0
       0
       0
       0
       0
       0
       0
       0
       0
       0
       0
       1
       0
       0
       0
       1
       0
       0
       0
       0
       2
       0
       0
       1
       1
       0
       0
       0
       0
       1
       0
       1
       0
       0
       0
       1
       0
       0
       0
       0
       0
       0
       0
       0
       1
       0
       0
       0
       0
       0
       0
       0
       0
       1
       0
       0
       0
       0
       1
       0
       0
       0
       0
       0
       0
       2
       0
       0
       2
       0
       0
       0
       0
       1
       0
       1
       1
       0
       0
       0
       0
       0
       0
       0
       0
       0
       0
       0
       0
       0
       0
       0
       0
       1
       0
       0
       0
       1
       0
       0
       0
       0
       1
       0
       0
       0
       0
       0
       0
       0
       0
       1
       0
       0
       0
       0
       0
       0
       0
       1
       0
       0
       0
       1
       0
       0
       1
       0
       0
       0
       0
       0
       0
       0
       0
       0
       0
       0
       0
       0
       0
       0
       0
       0
       0
       0
       0
       0
       0
       1
       0
       0
       0
       0
       0
       0
       0
       0
       0
       0
       0
       0
       0
       0
       0
       0
       0
       0
       0
       0
       0
       0
       0
       0
       0
       0
       0
       0
       0
       0
       0
       0
       0
       0
       0
       0
       0
       0
       0
       0
       0
       0
       0
       0
       0
       0
       0
       0
       0
       0
       0
       0
       0
       0
       0
       0
       0
       0
       0
       0
       0
       0
       0
       0
       0
$ROI:
1
101 125
$PRESETS:
Live Time
120
0
$ENER_FIT:
0.000000 0.000000
$MCA_CAL:
3
0.000000E+000 0.000000E+000 0.000000E+000 
$SHAPE_CAL:
3
0.000000E+000 0.000000E+000 0.000000E+000
