$SPEC_ID:
No sample description was entered.
$SPEC_REM:
DET# 1
DETDESC# PRAK01 Easy-MCA-2k SN 15071856
AP# Maestro Version 7.01
$DATE_MEA:
08/06/2002 02:02:20
$MEAS_TIM:
180 180
$DATA:
0 511
       0
       0
       0
       0
       0
       0
       0
       0
       0
       0
       0
       0
       0
       0
       0
       0
       0
       1
       7
     286
     326
     303
     323
     374
     340
     370
     403
     348
     397
     394
     416
     419
     395
     417
     423
     439
     459
     420
     514
     444
     437
     436
     450
     405
     391
     396
     374
     384
     405
     388
     366
     344
     381
     345
     367
     353
     383
     344
     338
     332
     366
     315
     348
     372
     345
     350
     386
     366
     370
     368
     390
     350
     377
     371
     359
     332
     351
     310
     320
     293
     242
     274
     213
     176
     195
     163
     161
     159
     167
     131
     132
     127
     138
     134
     144
     156
     125
     118
     161
     136
     192
     198
     235
     346
     447
     755
    1042
    1394
    1775
    2152
    2515
    2539
    2467
    2106
    1713
    1257
     841
     505
     331
     152
      73
      38
      15
      12
       5
       9
       4
       5
       8
       2
      11
       1
       6
       4
       8
       3
       6
       5
       5
       6
       4
       3
       3
       1
       2
       7
       1
       3
       1
       4
       0
       4
       4
       5
       7
       4
       4
       4
       6
       2
       2
       2
       3
       8
       2
       6
       5
       4
       4
       4
       2
       5
       3
       2
       4
       4
       5
       2
       0
       1
       2
       2
       4
       3
       3
       1
       0
       5
       2
       4
       3
       3
       1
       2
       0
       2
       2
       2
       3
       2
       3
       1
       1
       1
       1
       1
       1
       1
       0
       1
       1
       6
       2
       1
       1
       1
       0
       1
       1
       1
       3
       2
       2
       5
       3
       3
       4
       5
       3
       2
       1
       6
       3
       3
       2
       3
       1
       4
       4
       3
       0
       3
       1
       1
       0
       1
       2
       2
       1
       2
       1
       0
       0
       0
       3
       2
       1
       1
       0
       2
       2
       0
       0
       1
       0
       1
       0
       0
       0
       1
       0
       0
       0
       0
       1
       0
       0
       1
       1
       1
       0
       2
       0
       0
       0
       0
       0
       0
       3
       1
       0
       1
       2
       1
       1
       1
       0
       1
       2
       1
       0
       0
       0
       0
       0
       0
       0
       2
       1
       0
       0
       0
       0
       1
       0
       0
       0
       0
       1
       0
       0
       0
       0
       0
       0
       0
       0
       0
       0
       1
       1
       0
       0
       1
       0
       0
       0
       0
       2
       1
       0
       0
       0
       0
       0
       0
       0
       0
       0
       0
       0
       1
       0
       0
       0
       0
       0
       2
       4
       0
       0
       0
       2
       0
       0
       1
       0
       1
       0
       0
       0
       0
       1
       0
       0
       0
       0
       0
       0
       1
       1
       0
       0
       0
       0
       0
       0
       0
       0
       0
       0
       0
       0
       0
       0
       0
       0
       0
       0
       0
       0
       0
       0
       0
       1
       0
       0
       1
       0
       3
       0
       0
       0
       0
       0
       0
       0
       0
       0
       1
       0
       0
       0
       1
       1
       0
       0
       0
       0
       0
       0
       0
       0
       0
       0
       0
       0
       0
       0
       0
       0
       0
       0
       0
       0
       0
       0
       0
       0
       0
       0
       0
       0
       0
       0
       0
       0
       0
       0
       0
       0
       0
       0
       0
       0
       0
       0
       0
       0
       0
       0
       0
       0
       0
       1
       1
       0
       0
       0
       0
       0
       0
       0
       0
       0
       0
       0
       0
       0
       0
       0
       0
       0
       0
       0
       0
       0
       0
       0
       0
       0
       0
       0
       0
       0
       0
       0
       0
       0
       0
       0
       0
$ROI:
1
101 125
$PRESETS:
Live Time
180
0
$ENER_FIT:
0.000000 0.000000
$MCA_CAL:
3
0.000000E+000 0.000000E+000 0.000000E+000 
$SHAPE_CAL:
3
0.000000E+000 0.000000E+000 0.000000E+000
