$SPEC_ID:
No sample description was entered.
$SPEC_REM:
DET# 1
DETDESC# PRAK01 Easy-MCA-2k SN 15071856
AP# Maestro Version 7.01
$DATE_MEA:
08/06/2002 02:27:07
$MEAS_TIM:
180 180
$DATA:
0 511
       0
       0
       0
       0
       0
       0
       0
       0
       0
       0
       0
       0
       0
       0
       0
       0
       0
       0
       5
     155
     228
     240
     246
     266
     279
     245
     273
     260
     264
     307
     285
     287
     325
     291
     295
     292
     327
     323
     342
     337
     318
     305
     295
     269
     295
     274
     276
     268
     261
     291
     267
     262
     264
     236
     265
     266
     270
     271
     222
     247
     245
     241
     233
     249
     237
     229
     267
     221
     256
     237
     240
     216
     252
     275
     290
     251
     250
     250
     230
     234
     218
     183
     173
     151
     144
     132
     119
      91
     102
      79
     104
      81
     109
     104
      81
     100
     102
     100
     105
     100
     108
     109
     108
     139
     158
     253
     414
     561
     760
    1004
    1266
    1643
    1693
    1707
    1558
    1372
    1112
     723
     536
     306
     172
      95
      47
      26
      11
       8
       8
       5
       4
       3
       6
       7
       1
       6
       2
       3
       5
       5
       4
       2
       5
       6
       5
       8
       7
       4
       1
       5
       4
       4
       2
       2
       7
       4
       4
       6
       7
       2
       2
       5
       3
       5
       7
       2
       3
       2
       4
       2
       2
       1
       6
       3
       1
       2
       5
       5
       4
       1
       3
       2
       3
       2
       3
       5
       4
       5
       2
       1
       4
       2
       1
       1
       3
       2
       3
       2
       3
       1
       2
       0
       0
       2
       2
       4
       0
       1
       2
       3
       1
       2
       0
       0
       0
       2
       1
       0
       4
       0
       1
       2
       1
       1
       1
       0
       1
       1
       3
       1
       3
       4
       3
       3
       2
       2
       8
       2
       2
       4
       1
       2
       1
       2
       2
       4
       2
       3
       2
       1
       2
       1
       0
       0
       1
       1
       2
       0
       0
       0
       0
       0
       1
       0
       0
       1
       0
       0
       0
       1
       1
       0
       0
       0
       1
       0
       2
       1
       0
       1
       2
       1
       0
       1
       0
       1
       0
       1
       0
       0
       0
       0
       0
       0
       0
       1
       2
       0
       0
       1
       1
       0
       1
       2
       1
       0
       1
       0
       0
       1
       0
       0
       1
       0
       0
       0
       0
       0
       0
       1
       0
       0
       0
       1
       0
       0
       2
       0
       0
       0
       2
       0
       0
       1
       2
       0
       0
       0
       0
       0
       2
       2
       0
       0
       0
       1
       0
       0
       0
       0
       0
       1
       1
       0
       2
       2
       0
       0
       1
       0
       0
       0
       1
       0
       1
       0
       0
       1
       0
       0
       0
       0
       0
       1
       0
       1
       0
       0
       0
       0
       0
       0
       0
       0
       1
       0
       0
       0
       0
       0
       1
       0
       0
       0
       0
       1
       0
       0
       1
       0
       0
       0
       0
       1
       0
       0
       0
       0
       1
       0
       0
       0
       1
       0
       1
       0
       0
       0
       1
       2
       1
       0
       0
       0
       0
       0
       0
       0
       0
       1
       0
       0
       0
       0
       0
       0
       0
       0
       0
       0
       0
       0
       0
       0
       0
       0
       0
       0
       0
       0
       0
       0
       0
       0
       0
       1
       1
       0
       0
       0
       0
       0
       0
       0
       0
       0
       0
       0
       0
       0
       0
       0
       0
       0
       0
       0
       0
       0
       0
       0
       0
       0
       0
       0
       0
       0
       0
       0
       0
       0
       0
       0
       0
       0
       0
       0
       0
       0
       0
       0
       0
       0
       0
       0
       0
       0
       0
       0
       0
       0
       0
       0
       0
       0
$ROI:
1
101 125
$PRESETS:
Live Time
180
0
$ENER_FIT:
0.000000 0.000000
$MCA_CAL:
3
0.000000E+000 0.000000E+000 0.000000E+000 
$SHAPE_CAL:
3
0.000000E+000 0.000000E+000 0.000000E+000
